   0 0 0 0.991466
   0 0 1 0.971995
   0 0 2 0.974308
   0 0 3 0.948097
   0 0 4 0.919707
   0 0 5 0.930982
   1 0 0 999
   1 0 1 999
   1 0 2 999
   1 0 3 999
   1 0 4 999
   1 0 5 999
   0 1 0 0.991011
   0 1 1 0.97195
   0 1 2 0.973677
   0 1 3 0.94832
   0 1 4 0.920964
   0 1 5 0.931488
   1 1 0 999
   1 1 1 999
   1 1 2 999
   1 1 3 999
   1 1 4 999
   1 1 5 999
   0 2 0 0.991779
   0 2 1 0.97359
   0 2 2 0.974403
   0 2 3 0.949141
   0 2 4 0.921939
   0 2 5 0.93221
   1 2 0 999
   1 2 1 999
   1 2 2 999
   1 2 3 999
   1 2 4 999
   1 2 5 999
   0 3 0 0.991622
   0 3 1 0.973247
   0 3 2 0.974148
   0 3 3 0.948508
   0 3 4 0.920778
   0 3 5 0.930891
   1 3 0 999
   1 3 1 999
   1 3 2 999
   1 3 3 999
   1 3 4 999
   1 3 5 999
   0 4 0 0.991589
   0 4 1 0.973149
   0 4 2 0.97472
   0 4 3 0.948196
   0 4 4 0.919943
   0 4 5 0.930845
   1 4 0 999
   1 4 1 999
   1 4 2 999
   1 4 3 999
   1 4 4 999
   1 4 5 999
   0 5 0 0.992094
   0 5 1 0.974227
   0 5 2 0.975874
   0 5 3 0.948994
   0 5 4 0.920172
   0 5 5 0.930682
   1 5 0 999
   1 5 1 999
   1 5 2 999
   1 5 3 999
   1 5 4 999
   1 5 5 999
   0 6 0 0.992225
   0 6 1 0.974477
   0 6 2 0.976145
   0 6 3 0.949509
   0 6 4 0.920809
   0 6 5 0.931208
   1 6 0 999
   1 6 1 999
   1 6 2 999
   1 6 3 999
   1 6 4 999
   1 6 5 999
   0 7 0 0.992128
   0 7 1 0.975135
   0 7 2 0.976809
   0 7 3 0.95006
   0 7 4 0.92135
   0 7 5 0.932008
   1 7 0 999
   1 7 1 999
   1 7 2 999
   1 7 3 999
   1 7 4 999
   1 7 5 999
   0 8 0 0.991986
   0 8 1 0.97463
   0 8 2 0.976232
   0 8 3 0.949106
   0 8 4 0.919871
   0 8 5 0.930435
   1 8 0 999
   1 8 1 999
   1 8 2 999
   1 8 3 999
   1 8 4 999
   1 8 5 999
   0 9 0 0.991487
   0 9 1 0.974083
   0 9 2 0.976438
   0 9 3 0.949011
   0 9 4 0.919106
   0 9 5 0.929875
   1 9 0 999
   1 9 1 999
   1 9 2 999
   1 9 3 999
   1 9 4 999
   1 9 5 999
   0 10 0 0.992005
   0 10 1 0.973704
   0 10 2 0.975575
   0 10 3 0.94759
   0 10 4 0.917295
   0 10 5 0.928188
   1 10 0 999
   1 10 1 999
   1 10 2 999
   1 10 3 999
   1 10 4 999
   1 10 5 999
   0 11 0 0.992104
   0 11 1 0.973963
   0 11 2 0.975838
   0 11 3 0.947568
   0 11 4 0.917064
   0 11 5 0.928263
   1 11 0 999
   1 11 1 999
   1 11 2 999
   1 11 3 999
   1 11 4 999
   1 11 5 999
   0 12 0 0.991938
   0 12 1 0.974452
   0 12 2 0.975757
   0 12 3 0.948513
   0 12 4 0.919006
   0 12 5 0.929296
   1 12 0 999
   1 12 1 999
   1 12 2 999
   1 12 3 999
   1 12 4 999
   1 12 5 999
   0 13 0 0.991904
   0 13 1 0.974275
   0 13 2 0.975879
   0 13 3 0.947718
   0 13 4 0.917582
   0 13 5 0.928891
   1 13 0 999
   1 13 1 999
   1 13 2 999
   1 13 3 999
   1 13 4 999
   1 13 5 999
   0 14 0 0.991699
   0 14 1 0.974036
   0 14 2 0.975959
   0 14 3 0.947598
   0 14 4 0.917156
   0 14 5 0.928741
   1 14 0 999
   1 14 1 999
   1 14 2 999
   1 14 3 999
   1 14 4 999
   1 14 5 999
   0 15 0 0.991513
   0 15 1 0.974002
   0 15 2 0.974683
   0 15 3 0.947939
   0 15 4 0.91835
   0 15 5 0.928636
   1 15 0 999
   1 15 1 999
   1 15 2 999
   1 15 3 999
   1 15 4 999
   1 15 5 999
   0 16 0 0.991743
   0 16 1 0.97358
   0 16 2 0.974565
   0 16 3 0.94799
   0 16 4 0.919145
   0 16 5 0.929038
   1 16 0 999
   1 16 1 999
   1 16 2 999
   1 16 3 999
   1 16 4 999
   1 16 5 999
   0 17 0 0.991506
   0 17 1 0.973287
   0 17 2 0.974494
   0 17 3 0.947777
   0 17 4 0.918151
   0 17 5 0.928257
   1 17 0 999
   1 17 1 999
   1 17 2 999
   1 17 3 999
   1 17 4 999
   1 17 5 999
   0 18 0 0.991614
   0 18 1 0.972935
   0 18 2 0.974722
   0 18 3 0.946937
   0 18 4 0.916609
   0 18 5 0.927139
   1 18 0 999
   1 18 1 999
   1 18 2 999
   1 18 3 999
   1 18 4 999
   1 18 5 999
   0 19 0 0.991308
   0 19 1 0.972069
   0 19 2 0.973912
   0 19 3 0.945968
   0 19 4 0.915126
   0 19 5 0.925559
   1 19 0 999
   1 19 1 999
   1 19 2 999
   1 19 3 999
   1 19 4 999
   1 19 5 999
   0 20 0 0.99133
   0 20 1 0.972924
   0 20 2 0.973312
   0 20 3 0.944694
   0 20 4 0.913036
   0 20 5 0.923223
   1 20 0 999
   1 20 1 999
   1 20 2 999
   1 20 3 999
   1 20 4 999
   1 20 5 999
   0 21 0 0.991465
   0 21 1 0.972877
   0 21 2 0.974132
   0 21 3 0.94564
   0 21 4 0.914324
   0 21 5 0.92444
   1 21 0 999
   1 21 1 999
   1 21 2 999
   1 21 3 999
   1 21 4 999
   1 21 5 999
   0 22 0 0.991802
   0 22 1 0.97322
   0 22 2 0.974199
   0 22 3 0.945783
   0 22 4 0.914249
   0 22 5 0.924417
   1 22 0 999
   1 22 1 999
   1 22 2 999
   1 22 3 999
   1 22 4 999
   1 22 5 999
   0 23 0 0.991808
   0 23 1 0.972603
   0 23 2 0.973673
   0 23 3 0.945107
   0 23 4 0.913801
   0 23 5 0.922686
   1 23 0 999
   1 23 1 999
   1 23 2 999
   1 23 3 999
   1 23 4 999
   1 23 5 999
   0 24 0 0.991479
   0 24 1 0.97176
   0 24 2 0.973366
   0 24 3 0.944228
   0 24 4 0.911981
   0 24 5 0.922794
   1 24 0 999
   1 24 1 999
   1 24 2 999
   1 24 3 999
   1 24 4 999
   1 24 5 999
   0 25 0 0.991708
   0 25 1 0.971809
   0 25 2 0.974882
   0 25 3 0.946579
   0 25 4 0.915201
   0 25 5 0.929056
   1 25 0 999
   1 25 1 999
   1 25 2 999
   1 25 3 999
   1 25 4 999
   1 25 5 999
   0 26 0 0.991625
   0 26 1 0.972305
   0 26 2 0.974719
   0 26 3 0.947027
   0 26 4 0.916419
   0 26 5 0.928733
   1 26 0 999
   1 26 1 999
   1 26 2 999
   1 26 3 999
   1 26 4 999
   1 26 5 999
   0 27 0 0.991317
   0 27 1 0.972209
   0 27 2 0.974913
   0 27 3 0.947974
   0 27 4 0.91794
   0 27 5 0.929458
   1 27 0 999
   1 27 1 999
   1 27 2 999
   1 27 3 999
   1 27 4 999
   1 27 5 999
   0 28 0 0.99112
   0 28 1 0.9706
   0 28 2 0.973538
   0 28 3 0.946333
   0 28 4 0.915966
   0 28 5 0.927934
   1 28 0 999
   1 28 1 999
   1 28 2 999
   1 28 3 999
   1 28 4 999
   1 28 5 999
   0 29 0 0.991562
   0 29 1 0.97243
   0 29 2 0.974947
   0 29 3 0.946949
   0 29 4 0.915655
   0 29 5 0.927481
   1 29 0 999
   1 29 1 999
   1 29 2 999
   1 29 3 999
   1 29 4 999
   1 29 5 999
   0 30 0 0.991589
   0 30 1 0.970981
   0 30 2 0.974067
   0 30 3 0.944684
   0 30 4 0.912419
   0 30 5 0.925229
   1 30 0 999
   1 30 1 999
   1 30 2 999
   1 30 3 999
   1 30 4 999
   1 30 5 999
   0 31 0 0.991775
   0 31 1 0.971785
   0 31 2 0.974781
   0 31 3 0.94584
   0 31 4 0.913886
   0 31 5 0.925997
   1 31 0 999
   1 31 1 999
   1 31 2 999
   1 31 3 999
   1 31 4 999
   1 31 5 999
   0 32 0 0.991771
   0 32 1 0.972792
   0 32 2 0.976012
   0 32 3 0.947545
   0 32 4 0.916284
   0 32 5 0.928237
   1 32 0 999
   1 32 1 999
   1 32 2 999
   1 32 3 999
   1 32 4 999
   1 32 5 999
   0 33 0 0.992521
   0 33 1 0.973911
   0 33 2 0.976215
   0 33 3 0.947667
   0 33 4 0.915921
   0 33 5 0.927604
   1 33 0 999
   1 33 1 999
   1 33 2 999
   1 33 3 999
   1 33 4 999
   1 33 5 999
   0 34 0 0.991115
   0 34 1 0.970805
   0 34 2 0.974024
   0 34 3 0.943933
   0 34 4 0.91067
   0 34 5 0.922954
   1 34 0 999
   1 34 1 999
   1 34 2 999
   1 34 3 999
   1 34 4 999
   1 34 5 999
   0 35 0 0.992193
   0 35 1 0.973105
   0 35 2 0.975116
   0 35 3 0.945167
   0 35 4 0.911178
   0 35 5 0.92318
   1 35 0 999
   1 35 1 999
   1 35 2 999
   1 35 3 999
   1 35 4 999
   1 35 5 999
   0 36 0 0.992282
   0 36 1 0.972221
   0 36 2 0.973321
   0 36 3 0.943517
   0 36 4 0.910338
   0 36 5 0.922431
   1 36 0 999
   1 36 1 999
   1 36 2 999
   1 36 3 999
   1 36 4 999
   1 36 5 999
   0 37 0 0.992424
   0 37 1 0.971969
   0 37 2 0.97352
   0 37 3 0.943807
   0 37 4 0.910595
   0 37 5 0.922033
   1 37 0 999
   1 37 1 999
   1 37 2 999
   1 37 3 999
   1 37 4 999
   1 37 5 999
   0 38 0 0.992073
   0 38 1 0.971616
   0 38 2 0.973568
   0 38 3 0.943342
   0 38 4 0.909464
   0 38 5 0.921468
   1 38 0 999
   1 38 1 999
   1 38 2 999
   1 38 3 999
   1 38 4 999
   1 38 5 999
   0 39 0 0.991843
   0 39 1 0.970273
   0 39 2 0.972341
   0 39 3 0.941838
   0 39 4 0.90815
   0 39 5 0.9205
   1 39 0 999
   1 39 1 999
   1 39 2 999
   1 39 3 999
   1 39 4 999
   1 39 5 999
   0 40 0 0.991852
   0 40 1 0.971599
   0 40 2 0.974434
   0 40 3 0.944019
   0 40 4 0.909636
   0 40 5 0.92124
   1 40 0 999
   1 40 1 999
   1 40 2 999
   1 40 3 999
   1 40 4 999
   1 40 5 999
   0 41 0 0.992012
   0 41 1 0.970756
   0 41 2 0.973106
   0 41 3 0.942402
   0 41 4 0.90802
   0 41 5 0.919968
   1 41 0 999
   1 41 1 999
   1 41 2 999
   1 41 3 999
   1 41 4 999
   1 41 5 999
   0 42 0 0.992324
   0 42 1 0.971441
   0 42 2 0.974048
   0 42 3 0.943961
   0 42 4 0.909886
   0 42 5 0.921469
   1 42 0 999
   1 42 1 999
   1 42 2 999
   1 42 3 999
   1 42 4 999
   1 42 5 999
   0 43 0 0.99217
   0 43 1 0.970279
   0 43 2 0.972464
   0 43 3 0.9417
   0 43 4 0.906939
   0 43 5 0.918887
   1 43 0 999
   1 43 1 999
   1 43 2 999
   1 43 3 999
   1 43 4 999
   1 43 5 999
   0 44 0 0.991953
   0 44 1 0.970031
   0 44 2 0.973757
   0 44 3 0.942504
   0 44 4 0.906886
   0 44 5 0.919715
   1 44 0 999
   1 44 1 999
   1 44 2 999
   1 44 3 999
   1 44 4 999
   1 44 5 999
   0 45 0 0.991276
   0 45 1 0.967317
   0 45 2 0.973034
   0 45 3 0.939528
   0 45 4 0.906207
   0 45 5 0.924147
   1 45 0 999
   1 45 1 999
   1 45 2 999
   1 45 3 999
   1 45 4 999
   1 45 5 999
   0 46 0 0.991191
   0 46 1 0.968092
   0 46 2 0.973184
   0 46 3 0.941138
   0 46 4 0.909228
   0 46 5 0.925433
   1 46 0 999
   1 46 1 999
   1 46 2 999
   1 46 3 999
   1 46 4 999
   1 46 5 999
   0 47 0 0.991622
   0 47 1 0.969304
   0 47 2 0.973704
   0 47 3 0.942067
   0 47 4 0.91094
   0 47 5 0.926714
   1 47 0 999
   1 47 1 999
   1 47 2 999
   1 47 3 999
   1 47 4 999
   1 47 5 999
   0 48 0 0.991362
   0 48 1 0.96819
   0 48 2 0.972806
   0 48 3 0.940326
   0 48 4 0.908393
   0 48 5 0.924263
   1 48 0 999
   1 48 1 999
   1 48 2 999
   1 48 3 999
   1 48 4 999
   1 48 5 999
   0 49 0 0.991099
   0 49 1 0.968533
   0 49 2 0.973677
   0 49 3 0.940404
   0 49 4 0.907278
   0 49 5 0.922995
   1 49 0 999
   1 49 1 999
   1 49 2 999
   1 49 3 999
   1 49 4 999
   1 49 5 999
   0 50 0 0.991201
   0 50 1 0.967978
   0 50 2 0.972499
   0 50 3 0.938382
   0 50 4 0.903694
   0 50 5 0.919221
   1 50 0 999
   1 50 1 999
   1 50 2 999
   1 50 3 999
   1 50 4 999
   1 50 5 999
   0 51 0 0.991126
   0 51 1 0.967796
   0 51 2 0.973255
   0 51 3 0.939445
   0 51 4 0.905454
   0 51 5 0.920515
   1 51 0 999
   1 51 1 999
   1 51 2 999
   1 51 3 999
   1 51 4 999
   1 51 5 999
   0 52 0 0.991398
   0 52 1 0.968387
   0 52 2 0.973415
   0 52 3 0.939962
   0 52 4 0.906235
   0 52 5 0.92118
   1 52 0 999
   1 52 1 999
   1 52 2 999
   1 52 3 999
   1 52 4 999
   1 52 5 999
   0 53 0 0.991256
   0 53 1 0.967672
   0 53 2 0.972677
   0 53 3 0.938897
   0 53 4 0.90469
   0 53 5 0.919544
   1 53 0 999
   1 53 1 999
   1 53 2 999
   1 53 3 999
   1 53 4 999
   1 53 5 999
   0 54 0 0.990971
   0 54 1 0.96703
   0 54 2 0.972219
   0 54 3 0.937285
   0 54 4 0.901931
   0 54 5 0.917065
   1 54 0 999
   1 54 1 999
   1 54 2 999
   1 54 3 999
   1 54 4 999
   1 54 5 999
   0 55 0 0.99127
   0 55 1 0.967448
   0 55 2 0.973497
   0 55 3 0.937383
   0 55 4 0.900571
   0 55 5 0.916271
   1 55 0 999
   1 55 1 999
   1 55 2 999
   1 55 3 999
   1 55 4 999
   1 55 5 999
   0 56 0 0.991568
   0 56 1 0.96692
   0 56 2 0.972043
   0 56 3 0.93629
   0 56 4 0.899816
   0 56 5 0.914806
   1 56 0 999
   1 56 1 999
   1 56 2 999
   1 56 3 999
   1 56 4 999
   1 56 5 999
   0 57 0 0.991326
   0 57 1 0.966236
   0 57 2 0.971604
   0 57 3 0.935618
   0 57 4 0.899263
   0 57 5 0.914678
   1 57 0 999
   1 57 1 999
   1 57 2 999
   1 57 3 999
   1 57 4 999
   1 57 5 999
   0 58 0 0.991862
   0 58 1 0.966246
   0 58 2 0.971652
   0 58 3 0.934984
   0 58 4 0.897747
   0 58 5 0.913494
   1 58 0 999
   1 58 1 999
   1 58 2 999
   1 58 3 999
   1 58 4 999
   1 58 5 999
   0 59 0 0.991522
   0 59 1 0.966055
   0 59 2 0.97122
   0 59 3 0.934581
   0 59 4 0.896982
   0 59 5 0.912415
   1 59 0 999
   1 59 1 999
   1 59 2 999
   1 59 3 999
   1 59 4 999
   1 59 5 999
   0 60 0 0.991545
   0 60 1 0.966281
   0 60 2 0.971195
   0 60 3 0.933845
   0 60 4 0.896019
   0 60 5 0.911432
   1 60 0 999
   1 60 1 999
   1 60 2 999
   1 60 3 999
   1 60 4 999
   1 60 5 999
   0 61 0 0.991398
   0 61 1 0.965273
   0 61 2 0.970483
   0 61 3 0.933071
   0 61 4 0.894906
   0 61 5 0.910432
   1 61 0 999
   1 61 1 999
   1 61 2 999
   1 61 3 999
   1 61 4 999
   1 61 5 999
   0 62 0 0.991905
   0 62 1 0.966193
   0 62 2 0.971152
   0 62 3 0.934208
   0 62 4 0.896335
   0 62 5 0.911441
   1 62 0 999
   1 62 1 999
   1 62 2 999
   1 62 3 999
   1 62 4 999
   1 62 5 999
   0 63 0 0.991214
   0 63 1 0.963919
   0 63 2 0.96991
   0 63 3 0.932118
   0 63 4 0.893305
   0 63 5 0.90902
   1 63 0 999
   1 63 1 999
   1 63 2 999
   1 63 3 999
   1 63 4 999
   1 63 5 999
   0 64 0 0.991666
   0 64 1 0.964265
   0 64 2 0.970657
   0 64 3 0.932127
   0 64 4 0.892207
   0 64 5 0.909052
   1 64 0 999
   1 64 1 999
   1 64 2 999
   1 64 3 999
   1 64 4 999
   1 64 5 999
   0 65 0 0.991213
   0 65 1 0.964523
   0 65 2 0.972409
   0 65 3 0.935465
   0 65 4 0.903932
   0 65 5 0.91968
   1 65 0 999
   1 65 1 999
   1 65 2 999
   1 65 3 999
   1 65 4 999
   1 65 5 999
   0 66 0 0.991102
   0 66 1 0.964988
   0 66 2 0.971892
   0 66 3 0.935233
   0 66 4 0.904345
   0 66 5 0.918749
   1 66 0 999
   1 66 1 999
   1 66 2 999
   1 66 3 999
   1 66 4 999
   1 66 5 999
   0 67 0 0.991554
   0 67 1 0.966302
   0 67 2 0.972436
   0 67 3 0.936249
   0 67 4 0.905594
   0 67 5 0.918992
   1 67 0 999
   1 67 1 999
   1 67 2 999
   1 67 3 999
   1 67 4 999
   1 67 5 999
   0 68 0 0.990894
   0 68 1 0.963873
   0 68 2 0.970387
   0 68 3 0.933073
   0 68 4 0.901554
   0 68 5 0.915276
   1 68 0 999
   1 68 1 999
   1 68 2 999
   1 68 3 999
   1 68 4 999
   1 68 5 999
   0 69 0 0.990651
   0 69 1 0.963641
   0 69 2 0.971743
   0 69 3 0.933552
   0 69 4 0.9012
   0 69 5 0.915919
   1 69 0 999
   1 69 1 999
   1 69 2 999
   1 69 3 999
   1 69 4 999
   1 69 5 999
   0 70 0 0.990802
   0 70 1 0.963443
   0 70 2 0.971041
   0 70 3 0.93161
   0 70 4 0.897336
   0 70 5 0.912855
   1 70 0 999
   1 70 1 999
   1 70 2 999
   1 70 3 999
   1 70 4 999
   1 70 5 999
   0 71 0 0.991104
   0 71 1 0.962842
   0 71 2 0.970945
   0 71 3 0.931375
   0 71 4 0.89743
   0 71 5 0.912656
   1 71 0 999
   1 71 1 999
   1 71 2 999
   1 71 3 999
   1 71 4 999
   1 71 5 999
   0 72 0 0.99119
   0 72 1 0.963523
   0 72 2 0.971506
   0 72 3 0.93238
   0 72 4 0.898948
   0 72 5 0.914265
   1 72 0 999
   1 72 1 999
   1 72 2 999
   1 72 3 999
   1 72 4 999
   1 72 5 999
   0 73 0 0.99129
   0 73 1 0.96296
   0 73 2 0.970876
   0 73 3 0.930805
   0 73 4 0.896539
   0 73 5 0.912197
   1 73 0 999
   1 73 1 999
   1 73 2 999
   1 73 3 999
   1 73 4 999
   1 73 5 999
   0 74 0 0.990858
   0 74 1 0.962796
   0 74 2 0.970284
   0 74 3 0.930585
   0 74 4 0.896033
   0 74 5 0.911373
   1 74 0 999
   1 74 1 999
   1 74 2 999
   1 74 3 999
   1 74 4 999
   1 74 5 999
   0 75 0 0.989833
   0 75 1 0.962309
   0 75 2 0.969393
   0 75 3 0.92835
   0 75 4 0.890482
   0 75 5 0.905329
   1 75 0 0.990585
   1 75 1 0.960629
   1 75 2 0.969917
   1 75 3 0.922538
   1 75 4 0.880872
   1 75 5 0.89928
   0 76 0 0.990973
   0 76 1 0.961864
   0 76 2 0.969187
   0 76 3 0.927751
   0 76 4 0.89072
   0 76 5 0.9042
   1 76 0 0.990646
   1 76 1 0.95915
   1 76 2 0.967592
   1 76 3 0.919461
   1 76 4 0.876719
   1 76 5 0.895608
   0 77 0 0.99131
   0 77 1 0.961615
   0 77 2 0.968354
   0 77 3 0.92721
   0 77 4 0.890303
   0 77 5 0.905074
   1 77 0 0.990709
   1 77 1 0.959412
   1 77 2 0.967958
   1 77 3 0.920762
   1 77 4 0.879389
   1 77 5 0.898172
   0 78 0 0.991073
   0 78 1 0.960663
   0 78 2 0.967974
   0 78 3 0.926001
   0 78 4 0.888282
   0 78 5 0.903795
   1 78 0 0.990016
   1 78 1 0.955548
   1 78 2 0.965507
   1 78 3 0.916856
   1 78 4 0.874051
   1 78 5 0.893573
   0 79 0 0.990742
   0 79 1 0.960607
   0 79 2 0.968886
   0 79 3 0.926473
   0 79 4 0.888103
   0 79 5 0.904367
   1 79 0 0.990267
   1 79 1 0.958918
   1 79 2 0.969962
   1 79 3 0.9213
   1 79 4 0.878222
   1 79 5 0.89869
   0 80 0 0.990868
   0 80 1 0.962703
   0 80 2 0.969178
   0 80 3 0.928229
   0 80 4 0.889971
   0 80 5 0.905398
   1 80 0 0.989789
   1 80 1 0.95939
   1 80 2 0.967812
   1 80 3 0.918994
   1 80 4 0.873763
   1 80 5 0.890553
   0 81 0 0.991244
   0 81 1 0.960272
   0 81 2 0.967259
   0 81 3 0.926564
   0 81 4 0.888631
   0 81 5 0.904703
   1 81 0 0.989916
   1 81 1 0.958493
   1 81 2 0.966808
   1 81 3 0.918132
   1 81 4 0.873488
   1 81 5 0.891118
   0 82 0 0.991089
   0 82 1 0.959978
   0 82 2 0.966868
   0 82 3 0.926885
   0 82 4 0.889597
   0 82 5 0.907264
   1 82 0 0.990046
   1 82 1 0.959329
   1 82 2 0.967866
   1 82 3 0.920866
   1 82 4 0.877633
   1 82 5 0.895937
   0 83 0 0.99081
   0 83 1 0.958846
   0 83 2 0.966357
   0 83 3 0.926154
   0 83 4 0.888636
   0 83 5 0.908256
   1 83 0 0.989677
   1 83 1 0.956875
   1 83 2 0.966738
   1 83 3 0.917192
   1 83 4 0.871065
   1 83 5 0.892485
   0 84 0 0.990356
   0 84 1 0.953768
   0 84 2 0.963571
   0 84 3 0.919712
   0 84 4 0.878558
   0 84 5 0.902085
   1 84 0 0.988729
   1 84 1 0.951182
   1 84 2 0.963054
   1 84 3 0.908074
   1 84 4 0.855214
   1 84 5 0.880849
   0 85 0 999
   0 85 1 999
   0 85 2 999
   0 85 3 999
   0 85 4 999
   0 85 5 999
   1 85 0 999
   1 85 1 999
   1 85 2 999
   1 85 3 999
   1 85 4 999
   1 85 5 999
   0 86 0 999
   0 86 1 999
   0 86 2 999
   0 86 3 999
   0 86 4 999
   0 86 5 999
   1 86 0 999
   1 86 1 999
   1 86 2 999
   1 86 3 999
   1 86 4 999
   1 86 5 999
   0 87 0 999
   0 87 1 999
   0 87 2 999
   0 87 3 999
   0 87 4 999
   0 87 5 999
   1 87 0 999
   1 87 1 999
   1 87 2 999
   1 87 3 999
   1 87 4 999
   1 87 5 999
   0 88 0 999
   0 88 1 999
   0 88 2 999
   0 88 3 999
   0 88 4 999
   0 88 5 999
   1 88 0 999
   1 88 1 999
   1 88 2 999
   1 88 3 999
   1 88 4 999
   1 88 5 999
   0 89 0 999
   0 89 1 999
   0 89 2 999
   0 89 3 999
   0 89 4 999
   0 89 5 999
   1 89 0 999
   1 89 1 999
   1 89 2 999
   1 89 3 999
   1 89 4 999
   1 89 5 999
   0 90 0 999
   0 90 1 999
   0 90 2 999
   0 90 3 999
   0 90 4 999
   0 90 5 999
   1 90 0 999
   1 90 1 999
   1 90 2 999
   1 90 3 999
   1 90 4 999
   1 90 5 999
   0 91 0 999
   0 91 1 999
   0 91 2 999
   0 91 3 999
   0 91 4 999
   0 91 5 999
   1 91 0 999
   1 91 1 999
   1 91 2 999
   1 91 3 999
   1 91 4 999
   1 91 5 999
   0 92 0 999
   0 92 1 999
   0 92 2 999
   0 92 3 999
   0 92 4 999
   0 92 5 999
   1 92 0 999
   1 92 1 999
   1 92 2 999
   1 92 3 999
   1 92 4 999
   1 92 5 999
   0 93 0 999
   0 93 1 999
   0 93 2 999
   0 93 3 999
   0 93 4 999
   0 93 5 999
   1 93 0 999
   1 93 1 999
   1 93 2 999
   1 93 3 999
   1 93 4 999
   1 93 5 999
   0 94 0 999
   0 94 1 999
   0 94 2 999
   0 94 3 999
   0 94 4 999
   0 94 5 999
   1 94 0 999
   1 94 1 999
   1 94 2 999
   1 94 3 999
   1 94 4 999
   1 94 5 999
   0 95 0 999
   0 95 1 999
   0 95 2 999
   0 95 3 999
   0 95 4 999
   0 95 5 999
   1 95 0 999
   1 95 1 999
   1 95 2 999
   1 95 3 999
   1 95 4 999
   1 95 5 999
   0 96 0 999
   0 96 1 999
   0 96 2 999
   0 96 3 999
   0 96 4 999
   0 96 5 999
   1 96 0 0.750726
   1 96 1 0.383014
   1 96 2 0.361525
   1 96 3 0.199371
   1 96 4 0.0800563
   1 96 5 0.0657412
   0 97 0 999
   0 97 1 999
   0 97 2 999
   0 97 3 999
   0 97 4 999
   0 97 5 999
   1 97 0 0.761797
   1 97 1 0.413638
   1 97 2 0.401399
   1 97 3 0.217592
   1 97 4 0.104115
   1 97 5 0.0885156
   0 98 0 999
   0 98 1 999
   0 98 2 999
   0 98 3 999
   0 98 4 999
   0 98 5 999
   1 98 0 0.783579
   1 98 1 0.442023
   1 98 2 0.4168
   1 98 3 0.249065
   1 98 4 0.111717
   1 98 5 0.0949668
   0 99 0 999
   0 99 1 999
   0 99 2 999
   0 99 3 999
   0 99 4 999
   0 99 5 999
   1 99 0 0.799728
   1 99 1 0.474188
   1 99 2 0.456117
   1 99 3 0.274441
   1 99 4 0.126158
   1 99 5 0.109716
   0 100 0 0.862954
   0 100 1 0.653612
   0 100 2 0.724371
   0 100 3 0.520476
   0 100 4 0.343508
   0 100 5 0.352182
   1 100 0 0.818861
   1 100 1 0.517463
   1 100 2 0.512525
   1 100 3 0.318445
   1 100 4 0.155549
   1 100 5 0.136627
   0 101 0 0.864912
   0 101 1 0.64509
   0 101 2 0.724124
   0 101 3 0.507284
   0 101 4 0.325731
   0 101 5 0.340223
   1 101 0 0.836817
   1 101 1 0.565379
   1 101 2 0.57535
   1 101 3 0.362763
   1 101 4 0.183728
   1 101 5 0.163613
   0 102 0 0.876365
   0 102 1 0.680684
   0 102 2 0.756189
   0 102 3 0.548991
   0 102 4 0.372465
   0 102 5 0.389691
   1 102 0 0.844977
   1 102 1 0.581794
   1 102 2 0.60335
   1 102 3 0.388238
   1 102 4 0.201507
   1 102 5 0.179457
   0 103 0 0.88734
   0 103 1 0.694687
   0 103 2 0.770153
   0 103 3 0.567332
   0 103 4 0.388756
   0 103 5 0.408586
   1 103 0 0.856475
   1 103 1 0.596893
   1 103 2 0.632164
   1 103 3 0.409888
   1 103 4 0.214009
   1 103 5 0.190619
   0 104 0 0.893099
   0 104 1 0.710449
   0 104 2 0.789494
   0 104 3 0.58794
   0 104 4 0.410972
   0 104 5 0.435006
   1 104 0 0.865719
   1 104 1 0.619243
   1 104 2 0.663813
   1 104 3 0.432549
   1 104 4 0.227623
   1 104 5 0.204633
   0 105 0 0.89967
   0 105 1 0.725783
   0 105 2 0.805389
   0 105 3 0.614046
   0 105 4 0.444692
   0 105 5 0.470635
   1 105 0 0.880417
   1 105 1 0.65554
   1 105 2 0.702416
   1 105 3 0.477704
   1 105 4 0.270909
   1 105 5 0.246955
   0 106 0 0.906837
   0 106 1 0.743127
   0 106 2 0.821547
   0 106 3 0.632711
   0 106 4 0.46947
   0 106 5 0.497096
   1 106 0 999
   1 106 1 999
   1 106 2 999
   1 106 3 999
   1 106 4 999
   1 106 5 999
   0 107 0 0.912462
   0 107 1 0.756984
   0 107 2 0.834514
   0 107 3 0.656787
   0 107 4 0.497262
   0 107 5 0.528827
   1 107 0 999
   1 107 1 999
   1 107 2 999
   1 107 3 999
   1 107 4 999
   1 107 5 999
   0 108 0 0.913567
   0 108 1 0.760571
   0 108 2 0.840425
   0 108 3 0.66341
   0 108 4 0.506796
   0 108 5 0.542942
   1 108 0 999
   1 108 1 999
   1 108 2 999
   1 108 3 999
   1 108 4 999
   1 108 5 999
   0 109 0 0.923912
   0 109 1 0.780941
   0 109 2 0.853475
   0 109 3 0.686925
   0 109 4 0.53578
   0 109 5 0.571429
   1 109 0 999
   1 109 1 999
   1 109 2 999
   1 109 3 999
   1 109 4 999
   1 109 5 999
   0 110 0 0.926199
   0 110 1 0.793413
   0 110 2 0.865827
   0 110 3 0.701652
   0 110 4 0.555214
   0 110 5 0.593761
   1 110 0 0.923284
   1 110 1 0.743903
   1 110 2 0.817168
   1 110 3 0.611927
   1 110 4 0.413016
   1 110 5 0.410763
   0 111 0 0.931807
   0 111 1 0.801977
   0 111 2 0.872253
   0 111 3 0.715199
   0 111 4 0.577282
   0 111 5 0.617581
   1 111 0 0.91307
   1 111 1 0.753763
   1 111 2 0.828553
   1 111 3 0.642548
   1 111 4 0.469431
   1 111 5 0.480854
   0 112 0 0.934684
   0 112 1 0.817707
   0 112 2 0.881657
   0 112 3 0.736004
   0 112 4 0.605694
   0 112 5 0.645615
   1 112 0 0.921945
   1 112 1 0.781989
   1 112 2 0.849003
   1 112 3 0.67529
   1 112 4 0.501977
   1 112 5 0.518377
   0 113 0 0.935835
   0 113 1 0.824476
   0 113 2 0.886847
   0 113 3 0.743237
   0 113 4 0.616486
   0 113 5 0.660612
   1 113 0 0.924288
   1 113 1 0.79019
   1 113 2 0.857286
   1 113 3 0.685246
   1 113 4 0.517312
   1 113 5 0.536973
   0 114 0 0.938972
   0 114 1 0.833992
   0 114 2 0.893586
   0 114 3 0.756186
   0 114 4 0.63406
   0 114 5 0.678669
   1 114 0 0.931341
   1 114 1 0.801542
   1 114 2 0.871345
   1 114 3 0.708081
   1 114 4 0.547948
   1 114 5 0.573217
   0 115 0 0.94572
   0 115 1 0.850618
   0 115 2 0.900313
   0 115 3 0.770595
   0 115 4 0.6543
   0 115 5 0.69727
   1 115 0 0.938235
   1 115 1 0.828229
   1 115 2 0.881339
   1 115 3 0.723452
   1 115 4 0.560731
   1 115 5 0.576722
   0 116 0 0.947567
   0 116 1 0.856088
   0 116 2 0.905032
   0 116 3 0.778854
   0 116 4 0.665083
   0 116 5 0.709404
   1 116 0 0.929497
   1 116 1 0.817633
   1 116 2 0.877217
   1 116 3 0.721698
   1 116 4 0.573049
   1 116 5 0.600781
   0 117 0 0.947699
   0 117 1 0.858835
   0 117 2 0.908107
   0 117 3 0.783335
   0 117 4 0.676601
   0 117 5 0.721821
   1 117 0 0.933522
   1 117 1 0.827221
   1 117 2 0.886607
   1 117 3 0.74146
   1 117 4 0.600231
   1 117 5 0.628263
   0 118 0 0.952818
   0 118 1 0.870635
   0 118 2 0.915116
   0 118 3 0.801385
   0 118 4 0.69908
   0 118 5 0.741701
   1 118 0 0.942371
   1 118 1 0.828532
   1 118 2 0.879616
   1 118 3 0.73864
   1 118 4 0.596686
   1 118 5 0.619442
   0 119 0 0.954976
   0 119 1 0.876364
   0 119 2 0.91995
   0 119 3 0.813583
   0 119 4 0.715996
   0 119 5 0.758176
   1 119 0 0.94344
   1 119 1 0.815662
   1 119 2 0.911467
   1 119 3 0.722994
   1 119 4 0.593635
   1 119 5 0.684776
   0 120 0 0.955832
   0 120 1 0.878649
   0 120 2 0.919945
   0 120 3 0.819575
   0 120 4 0.725386
   0 120 5 0.764263
   1 120 0 0.936527
   1 120 1 0.839584
   1 120 2 0.897624
   1 120 3 0.770076
   1 120 4 0.650912
   1 120 5 0.696901
   0 121 0 0.958478
   0 121 1 0.88385
   0 121 2 0.925925
   0 121 3 0.82824
   0 121 4 0.739554
   0 121 5 0.778528
   1 121 0 0.953882
   1 121 1 0.854015
   1 121 2 0.897797
   1 121 3 0.782944
   1 121 4 0.661369
   1 121 5 0.683347
   0 122 0 0.959558
   0 122 1 0.889014
   0 122 2 0.92949
   0 122 3 0.834596
   0 122 4 0.748326
   0 122 5 0.786878
   1 122 0 0.944831
   1 122 1 0.849972
   1 122 2 0.910078
   1 122 3 0.778942
   1 122 4 0.651481
   1 122 5 0.68696
   0 123 0 0.959662
   0 123 1 0.888549
   0 123 2 0.930123
   0 123 3 0.833711
   0 123 4 0.750907
   0 123 5 0.7872
   1 123 0 0.944005
   1 123 1 0.865561
   1 123 2 0.901201
   1 123 3 0.797746
   1 123 4 0.688796
   1 123 5 0.720269
   0 124 0 0.96148
   0 124 1 0.893395
   0 124 2 0.934138
   0 124 3 0.842982
   0 124 4 0.763656
   0 124 5 0.799452
   1 124 0 0.958988
   1 124 1 0.882981
   1 124 2 0.913327
   1 124 3 0.81506
   1 124 4 0.709553
   1 124 5 0.725969
   0 125 0 0.962801
   0 125 1 0.899359
   0 125 2 0.933312
   0 125 3 0.848404
   0 125 4 0.771906
   0 125 5 0.807319
   1 125 0 999
   1 125 1 999
   1 125 2 999
   1 125 3 999
   1 125 4 999
   1 125 5 999
   0 126 0 0.964694
   0 126 1 0.905423
   0 126 2 0.936714
   0 126 3 0.855429
   0 126 4 0.78127
   0 126 5 0.8153
   1 126 0 999
   1 126 1 999
   1 126 2 999
   1 126 3 999
   1 126 4 999
   1 126 5 999
   0 127 0 0.965232
   0 127 1 0.909763
   0 127 2 0.93923
   0 127 3 0.860401
   0 127 4 0.787424
   0 127 5 0.820875
   1 127 0 999
   1 127 1 999
   1 127 2 999
   1 127 3 999
   1 127 4 999
   1 127 5 999
   0 128 0 0.967541
   0 128 1 0.915263
   0 128 2 0.942083
   0 128 3 0.868579
   0 128 4 0.798071
   0 128 5 0.830354
   1 128 0 0.979287
   1 128 1 0.924057
   1 128 2 0.958724
   1 128 3 0.873729
   1 128 4 0.788594
   1 128 5 0.820561
   0 129 0 0.967501
   0 129 1 0.917179
   0 129 2 0.943855
   0 129 3 0.869962
   0 129 4 0.801845
   0 129 5 0.834332
   1 129 0 0.97741
   1 129 1 0.924483
   1 129 2 0.960331
   1 129 3 0.878835
   1 129 4 0.799532
   1 129 5 0.832879
   0 130 0 0.96821
   0 130 1 0.920158
   0 130 2 0.945953
   0 130 3 0.874225
   0 130 4 0.813319
   0 130 5 0.839068
   1 130 0 0.974993
   1 130 1 0.92887
   1 130 2 0.958303
   1 130 3 0.878765
   1 130 4 0.800297
   1 130 5 0.834094
   0 131 0 0.970306
   0 131 1 0.927913
   0 131 2 0.951361
   0 131 3 0.884456
   0 131 4 0.827866
   0 131 5 0.853882
   1 131 0 0.981289
   1 131 1 0.941836
   1 131 2 0.969382
   1 131 3 0.89612
   1 131 4 0.823232
   1 131 5 0.852955
   0 132 0 0.970431
   0 132 1 0.929213
   0 132 2 0.949948
   0 132 3 0.881656
   0 132 4 0.828
   0 132 5 0.849464
   1 132 0 0.978241
   1 132 1 0.936414
   1 132 2 0.961571
   1 132 3 0.885337
   1 132 4 0.816694
   1 132 5 0.845732
   0 133 0 0.972017
   0 133 1 0.932092
   0 133 2 0.952223
   0 133 3 0.888831
   0 133 4 0.839854
   0 133 5 0.858484
   1 133 0 0.982555
   1 133 1 0.948879
   1 133 2 0.973637
   1 133 3 0.903389
   1 133 4 0.837544
   1 133 5 0.866682
   0 134 0 0.971532
   0 134 1 0.933058
   0 134 2 0.953557
   0 134 3 0.891376
   0 134 4 0.849369
   0 134 5 0.861726
   1 134 0 0.980685
   1 134 1 0.948017
   1 134 2 0.968759
   1 134 3 0.903758
   1 134 4 0.841868
   1 134 5 0.871238
   0 135 0 0.972324
   0 135 1 0.941205
   0 135 2 0.955442
   0 135 3 0.908678
   0 135 4 0.863811
   0 135 5 0.883053
   1 135 0 0.980516
   1 135 1 0.954089
   1 135 2 0.973795
   1 135 3 0.910948
   1 135 4 0.853321
   1 135 5 0.881697
   0 136 0 999
   0 136 1 999
   0 136 2 999
   0 136 3 999
   0 136 4 999
   0 136 5 999
   1 136 0 999
   1 136 1 999
   1 136 2 999
   1 136 3 999
   1 136 4 999
   1 136 5 999
   0 137 0 999
   0 137 1 999
   0 137 2 999
   0 137 3 999
   0 137 4 999
   0 137 5 999
   1 137 0 999
   1 137 1 999
   1 137 2 999
   1 137 3 999
   1 137 4 999
   1 137 5 999
   0 138 0 999
   0 138 1 999
   0 138 2 999
   0 138 3 999
   0 138 4 999
   0 138 5 999
   1 138 0 999
   1 138 1 999
   1 138 2 999
   1 138 3 999
   1 138 4 999
   1 138 5 999
   0 139 0 999
   0 139 1 999
   0 139 2 999
   0 139 3 999
   0 139 4 999
   0 139 5 999
   1 139 0 999
   1 139 1 999
   1 139 2 999
   1 139 3 999
   1 139 4 999
   1 139 5 999
